14 0.14453125 0.678125 0.1421875 0.1265625
15 0.0453125 0.63046875 0.0578125 0.1359375
14 0.36171875 0.73828125 0.165625 0.203125
16 0.5203125 0.72890625 0.028125 0.121875
16 0.4921875 0.71171875 0.0265625 0.0984375
15 0.73125 0.7609375 0.0546875 0.2109375
13 0.3203125 0.64375 0.1265625 0.1453125
14 0.2390625 0.67109375 0.065625 0.0578125
15 0.86875 0.79375 0.1375 0.315625
15 0.84609375 0.7265625 0.0515625 0.14375
16 0.96796875 0.703125 0.0578125 0.5015625
14 0.54921875 0.70078125 0.021875 0.0359375
