14 0.23828125 0.51953125 0.0546875 0.0796875
14 0.31328125 0.51171875 0.01875 0.0453125
14 0.34453125 0.53046875 0.0265625 0.0546875
13 0.3875 0.5125 0.0328125 0.0609375
16 0.7671875 0.56953125 0.028125 0.1453125
16 0.59296875 0.58203125 0.03125 0.1875
16 0.72734375 0.61484375 0.0546875 0.25625
16 0.6921875 0.609375 0.0234375 0.1640625
16 0.55390625 0.559375 0.015625 0.10625
14 0.01328125 0.4625 0.0265625 0.065625
14 0.0640625 0.47578125 0.059375 0.065625
14 0.1171875 0.4921875 0.0390625 0.059375
13 0.10234375 0.43984375 0.065625 0.0515625
