14 0.15234375 0.59765625 0.2140625 0.1796875
15 0.70625 0.65390625 0.0703125 0.2203125
14 0.57109375 0.65 0.128125 0.1921875
16 0.8890625 0.58359375 0.0171875 0.1640625
14 0.3984375 0.5921875 0.115625 0.065625
14 0.496875 0.59609375 0.06875 0.0546875
13 0.75859375 0.54375 0.2109375 0.09375
14 0.76015625 0.59375 0.0921875 0.0734375
14 0.26640625 0.57421875 0.090625 0.065625
13 0.2140625 0.51171875 0.0671875 0.06875
14 0.13984375 0.490625 0.11875 0.0828125
16 0.46484375 0.5953125 0.009375 0.0796875
