14 0.08046875 0.56328125 0.1609375 0.2671875
14 0.221875 0.5875 0.0578125 0.1203125
14 0.38359375 0.59921875 0.025 0.0484375
14 0.4125 0.60234375 0.028125 0.0421875
14 0.4390625 0.60625 0.0296875 0.0515625
15 0.6234375 0.66796875 0.1234375 0.1796875
16 0.87265625 0.659375 0.046875 0.28125
14 0.5125 0.6109375 0.0203125 0.0390625
15 0.825 0.6109375 0.0453125 0.0796875
14 0.790625 0.61171875 0.0734375 0.059375
15 0.696875 0.61796875 0.028125 0.065625
15 0.72265625 0.61796875 0.0359375 0.065625
13 0.52265625 0.59375 0.0234375 0.046875
14 0.4953125 0.60546875 0.0109375 0.028125
