14 0.09140625 0.3515625 0.0984375 0.1140625
14 0.04296875 0.46953125 0.084375 0.2296875
14 0.67265625 0.3515625 0.0421875 0.071875
14 0.24765625 0.3265625 0.034375 0.078125
14 0.19296875 0.325 0.040625 0.0546875
14 0.1515625 0.31953125 0.0265625 0.0625
14 0.39140625 0.3359375 0.0359375 0.059375
14 0.41171875 0.315625 0.01875 0.03125
14 0.7046875 0.34453125 0.028125 0.03125
14 0.75703125 0.34765625 0.040625 0.028125
15 0.74453125 0.359375 0.0171875 0.0546875
14 0.45703125 0.31640625 0.0140625 0.021875
13 0.34921875 0.3015625 0.028125 0.0421875
14 0.31796875 0.309375 0.015625 0.0234375
13 0.4765625 0.3046875 0.015625 0.034375
