15 0.74765625 0.7046875 0.0984375 0.2875
15 0.26875 0.62890625 0.1359375 0.4109375
14 0.03671875 0.678125 0.071875 0.375
14 0.41953125 0.63203125 0.071875 0.1453125
14 0.34921875 0.59765625 0.046875 0.05625
13 0.09296875 0.50390625 0.1859375 0.1890625
14 0.46953125 0.61640625 0.05 0.0859375
14 0.53671875 0.61328125 0.04375 0.05625
16 0.621875 0.66484375 0.0265625 0.16875
16 0.5828125 0.64921875 0.0171875 0.1640625
16 0.56875 0.653125 0.01875 0.1609375
16 0.93671875 0.59140625 0.0296875 0.1375
16 0.690625 0.653125 0.03125 0.159375
