14 0.85 0.71796875 0.0328125 0.04375
14 0.88515625 0.71484375 0.0265625 0.0546875
15 0.69375 0.7328125 0.0234375 0.0890625
16 0.26484375 0.6828125 0.028125 0.15625
16 0.14765625 0.659375 0.025 0.125
16 0.08828125 0.625 0.028125 0.1359375
15 0.534375 0.72578125 0.0453125 0.1015625
16 0.91484375 0.71875 0.0125 0.0828125
14 0.9234375 0.709375 0.03125 0.0578125
16 0.93828125 0.71015625 0.0125 0.0671875
15 0.36171875 0.6984375 0.040625 0.1046875
12 0.1953125 0.67734375 0.025 0.0515625
16 0.4546875 0.69296875 0.0125 0.075
16 0.4703125 0.69296875 0.0140625 0.075
16 0.484375 0.6953125 0.0140625 0.071875
