14 0.75 0.7640625 0.0734375 0.0609375
15 0.81171875 0.74453125 0.015625 0.0328125
14 0.70625 0.77265625 0.0546875 0.0578125
16 0.675 0.77109375 0.0078125 0.0484375
14 0.6390625 0.7828125 0.0671875 0.0546875
12 0.57578125 0.7859375 0.04375 0.10625
15 0.36015625 0.8046875 0.053125 0.1046875
14 0.45859375 0.7890625 0.096875 0.0875
13 0.52109375 0.76015625 0.0953125 0.090625
14 0.39375 0.79453125 0.0578125 0.0546875
14 0.31796875 0.7890625 0.1109375 0.1
14 0.2390625 0.784375 0.0859375 0.071875
14 0.11171875 0.77265625 0.103125 0.08125
14 0.02734375 0.74296875 0.0546875 0.0828125
13 0.40546875 0.77265625 0.0265625 0.046875
