14 0.08671875 0.62109375 0.1734375 0.3203125
15 0.50625 0.678125 0.1125 0.390625
14 0.32734375 0.69296875 0.3078125 0.3328125
15 0.6765625 0.7078125 0.1984375 0.3609375
15 0.7421875 0.6484375 0.134375 0.2421875
14 0.7421875 0.6015625 0.159375 0.1671875
16 0.171875 0.55 0.0328125 0.1265625
16 0.90390625 0.58828125 0.0171875 0.1265625
16 0.88515625 0.578125 0.0125 0.1015625
16 0.8328125 0.58515625 0.0171875 0.1078125
16 0.84453125 0.57578125 0.0171875 0.1015625
14 0.6078125 0.578125 0.0421875 0.0515625
