14 0.115625 0.41796875 0.1328125 0.1453125
14 0.32421875 0.37890625 0.0515625 0.059375
15 0.71171875 0.3859375 0.0234375 0.0828125
16 0.80390625 0.3921875 0.0125 0.084375
13 0.47109375 0.3328125 0.015625 0.0453125
14 0.44453125 0.34765625 0.0125 0.0296875
14 0.40390625 0.34609375 0.0125 0.0296875
14 0.3734375 0.3515625 0.015625 0.021875
12 0.5921875 0.365625 0.0125 0.0546875
15 0.53203125 0.353125 0.0109375 0.0375
14 0.0203125 0.409375 0.040625 0.05625
14 0.04921875 0.665625 0.0953125 0.2859375
