14 0.41484375 0.44921875 0.03125 0.05
14 0.325 0.4703125 0.0421875 0.0625
14 0.240625 0.4859375 0.05625 0.10625
12 0.171875 0.52265625 0.025 0.1234375
14 0.72734375 0.4859375 0.1609375 0.209375
14 0.04765625 0.528125 0.0953125 0.121875
14 0.1234375 0.51796875 0.0671875 0.0890625
14 0.17421875 0.50546875 0.053125 0.0671875
14 0.63359375 0.46328125 0.0984375 0.13125
14 0.546875 0.45078125 0.0609375 0.0828125
14 0.51328125 0.45078125 0.034375 0.0671875
14 0.43828125 0.44453125 0.0203125 0.0296875
14 0.45390625 0.43515625 0.015625 0.0359375
14 0.359375 0.45703125 0.0203125 0.028125
