15 0.4609375 0.76171875 0.0796875 0.121875
14 0.31015625 0.7375 0.04375 0.05
15 0.3890625 0.7578125 0.0578125 0.0890625
14 0.18984375 0.7171875 0.0484375 0.0359375
15 0.5984375 0.78125 0.0703125 0.1984375
14 0.578125 0.74921875 0.10625 0.0671875
14 0.49296875 0.74921875 0.0890625 0.0546875
14 0.7453125 0.71875 0.0859375 0.0578125
16 0.81640625 0.73203125 0.0296875 0.171875
16 0.85 0.7265625 0.028125 0.2
14 0.2328125 0.7328125 0.0296875 0.040625
15 0.121875 0.7 0.0328125 0.065625
15 0.93203125 0.68046875 0.03125 0.08125
16 0.909375 0.6875 0.03125 0.08125
