14 0.3875 0.82890625 0.1625 0.1875
14 0.5765625 0.70859375 0.1453125 0.184375
14 0.4 0.50703125 0.1109375 0.1453125
14 0.75625 0.684375 0.1453125 0.1796875
14 0.20625 0.52265625 0.1015625 0.10625
14 0.0515625 0.60625 0.1015625 0.1265625
14 0.60390625 0.21015625 0.0578125 0.0734375
14 0.8765625 0.26640625 0.0671875 0.078125
14 0.52421875 0.45859375 0.096875 0.1140625
14 0.290625 0.321875 0.078125 0.0859375
14 0.38671875 0.28515625 0.078125 0.0875
14 0.22734375 0.91640625 0.203125 0.1625
14 0.746875 0.24765625 0.065625 0.078125
14 0.703125 0.2015625 0.053125 0.0671875
14 0.15234375 0.425 0.0875 0.1015625
14 0.9078125 0.21953125 0.0546875 0.071875
14 0.0140625 0.203125 0.028125 0.0703125
14 0.56796875 0.14375 0.0484375 0.0609375
14 0.1203125 0.2421875 0.078125 0.1390625
14 0.590625 0.0578125 0.0359375 0.0453125
14 0.3015625 0.08046875 0.0484375 0.0453125
14 0.265625 0.10703125 0.0375 0.03125
14 0.22421875 0.08046875 0.0328125 0.0359375
14 0.1921875 0.10234375 0.0375 0.059375
