14 0.3390625 0.68828125 0.0859375 0.075
14 0.5265625 0.58828125 0.0703125 0.065625
14 0.4078125 0.55 0.06875 0.0796875
14 0.8 0.66953125 0.075 0.0703125
14 0.63046875 0.52109375 0.0578125 0.0484375
14 0.646875 0.7171875 0.090625 0.1109375
13 0.4734375 0.7953125 0.1859375 0.38125
14 0.1546875 0.4625 0.05 0.0625
14 0.0328125 0.4875 0.059375 0.065625
14 0.21328125 0.396875 0.040625 0.0421875
14 0.1734375 0.3734375 0.0359375 0.0359375
14 0.5078125 0.428125 0.05 0.04375
14 0.5640625 0.3875 0.0390625 0.03125
