13 0.38671875 0.60703125 0.4921875 0.2234375
14 0.4421875 0.43203125 0.1375 0.0671875
14 0.1046875 0.3625 0.0625 0.08125
15 0.29765625 0.30078125 0.021875 0.05
14 0.28359375 0.26796875 0.04375 0.0625
14 0.9703125 0.428125 0.0578125 0.0796875
15 0.66875 0.40390625 0.028125 0.0578125
15 0.6125 0.4015625 0.0203125 0.059375
15 0.5859375 0.4015625 0.0203125 0.059375
15 0.55703125 0.39921875 0.021875 0.0703125
15 0.5265625 0.39453125 0.0265625 0.0609375
15 0.8296875 0.409375 0.0265625 0.0546875
15 0.8515625 0.40859375 0.01875 0.05
15 0.87734375 0.40625 0.0296875 0.053125
15 0.9046875 0.40703125 0.0265625 0.05
15 0.93046875 0.40859375 0.0171875 0.05
